1745890751859 3.567234244197607 1
1745890945450 1.3871428945567459 2
1745891138859 1.1875804553274065 3
1745891329421 1.0957094253972173 4
1745891523070 1.0428828271105886 5
1745891715212 1.0190182814840227 6
1745891909475 1.001972810830921 7
1745892099705 0.9746945854276419 8
1745892295309 0.9593776280526072 9
1745892483079 0.950634079053998 10
1745892674784 0.9306033705361187 11
1745892868025 0.8854870481882244 12
1745893055792 0.8479784943629056 13
1745893246855 0.8033726601861417 14
1745893439518 0.7870517452247441 15
1745893633663 0.7705565770156682 16
1745893825426 0.754247389966622 17
1745894012543 0.7495535016059875 18
1745894198021 0.7481285980902612 19
1745894386066 0.7272634299006313 20
1745894580750 0.7221832394134253 21
1745894775672 0.7148624781984836 22
1745894963704 0.7087259388063103 23
1745895148105 0.7044808357022703 24
1745895340714 0.7001038414891809 25
1745895536087 0.6893429653719068 26
1745895728711 0.693323754821904 27
1745895919898 0.6858311085961759 28
1745896107433 0.6849092217162251 29
1745896297665 0.6753980800276622 30
1745896487813 0.6752881900174543 31
1745896680950 0.6711795637384057 32
1745896869936 0.6770154195837677 33
1745897059567 0.6647666443604976 34
1745897248556 0.6594665752490982 35
1745897436544 0.6628989560995251 36
1745897627573 0.6574592273682356 37
1745897818674 0.6598912216722965 38
1745898008299 0.6617431563790888 39
1745898201558 0.6550268839346245 40
1745898392662 0.6499562838580459 41
1745898580690 0.6504206496756524 42
1745898770661 0.644891120842658 43
1745898962249 0.6494346500840038 44
1745899157496 0.6457096823723987 45
1745899347917 0.6460047562140971 46
1745899536891 0.6396728971740231 47
1745899724808 0.6396541411522776 48
1745899912066 0.6346055321628228 49
1745900104975 0.6425967601826414 50
