1745890751859 23.726547381019593 1
1745890945450 24.832600349807738 2
1745891138859 25.320165975761412 3
1745891329421 25.607804786300658 4
1745891523070 25.793117096233367 5
1745891715212 25.906127938747407 6
1745891909475 26.007656440258025 7
1745892099705 26.13194714097977 8
1745892295309 26.07613480529785 9
1745892483079 26.19368878660202 10
1745892674784 26.330298786258698 11
1745892868025 26.41893351726532 12
1745893055792 26.66432319049835 13
1745893246855 26.846458900451662 14
1745893439518 27.009438668823243 15
1745893633663 27.027244028282166 16
1745893825426 27.114418397712708 17
1745894012543 27.223361116981508 18
1745894198021 27.24547827835083 19
1745894386066 27.218029234695436 20
1745894580750 27.35690118713379 21
1745894775672 27.36454074230194 22
1745894963704 27.340486431503297 23
1745895148105 27.241416151428222 24
1745895340714 27.440982934951784 25
1745895536087 27.480139150810242 26
1745895728711 27.51488818588257 27
1745895919898 27.171313122940063 28
1745896107433 27.503120021820067 29
1745896297665 27.469385293006898 30
1745896487813 27.5128675863266 31
1745896680950 27.551660606765747 32
1745896869936 27.54350392036438 33
1745897059567 27.595013446998596 34
1745897248556 27.657024242782594 35
1745897436544 27.55530249958038 36
1745897627573 27.65102442893982 37
1745897818674 27.651797501182557 38
1745898008299 27.559624855995178 39
1745898201558 27.704512640571593 40
1745898392662 27.712752001571655 41
1745898580690 27.6775490190506 42
1745898770661 27.74648538799286 43
1745898962249 27.734605772972106 44
1745899157496 27.60590953617096 45
1745899347917 27.691494178009034 46
1745899536891 27.699445285224915 47
1745899724808 27.714686044692993 48
1745899912066 27.74069087905884 49
1745900104975 27.662297090148925 50
