1745890751859 0.812143920660019 1
1745890945450 0.8451869271606207 2
1745891138859 0.8595078940927983 3
1745891329421 0.8676598862051964 4
1745891523070 0.8711523241519928 5
1745891715212 0.8735740679383278 6
1745891909475 0.8752285892367363 7
1745892099705 0.8782728299081326 8
1745892295309 0.8796571991503239 9
1745892483079 0.8795995006799698 10
1745892674784 0.8789891266793013 11
1745892868025 0.8802361399948597 12
1745893055792 0.8793734832823277 13
1745893246855 0.8810326819956302 14
1745893439518 0.8835040650248528 15
1745893633663 0.8860851959645748 16
1745893825426 0.8848825447261334 17
1745894012543 0.8868024176776409 18
1745894198021 0.8888760599255562 19
1745894386066 0.8861254029214383 20
1745894580750 0.8894338830113411 21
1745894775672 0.8903279192507267 22
1745894963704 0.8902349710643291 23
1745895148105 0.891431993240118 24
1745895340714 0.8906234519124031 25
1745895536087 0.8914730401337146 26
1745895728711 0.8919109959065914 27
1745895919898 0.8932616401672363 28
1745896107433 0.8931407982468605 29
1745896297665 0.8929884296715259 30
1745896487813 0.8909380125641823 31
1745896680950 0.8939724793493747 32
1745896869936 0.894857704013586 33
1745897059567 0.8950594640910625 34
1745897248556 0.8951055881917477 35
1745897436544 0.893772411030531 36
1745897627573 0.8959060408473015 37
1745897818674 0.8959043478488922 38
1745898008299 0.8951230119585991 39
1745898201558 0.8960276304543018 40
1745898392662 0.8962515626490116 41
1745898580690 0.8970879359960556 42
1745898770661 0.8964588842213154 43
1745898962249 0.8959400025904178 44
1745899157496 0.892433240121603 45
1745899347917 0.8950454606235028 46
1745899536891 0.8971768306136131 47
1745899724808 0.8978034533619881 48
1745899912066 0.8954303764998913 49
1745900104975 0.8935211160719395 50
