1745890751859 3.6689688921906054 1
1745890945450 1.4225527381058782 2
1745891138859 1.2174629108048975 3
1745891329421 1.123170593753457 4
1745891523070 1.069114875746891 5
1745891715212 1.044421766884625 6
1745891909475 1.0254195020534098 7
1745892099705 0.9995330036617815 8
1745892295309 0.9842691868543625 9
1745892483079 0.9754879735410213 10
1745892674784 0.9543131571263075 11
1745892868025 0.9083640694152564 12
1745893055792 0.8702968501020223 13
1745893246855 0.8256979046855122 14
1745893439518 0.8087517207022756 15
1745893633663 0.7916025002487004 16
1745893825426 0.7750093906652182 17
1745894012543 0.7697517136111856 18
1745894198021 0.768942077178508 19
1745894386066 0.7476126553956419 20
1745894580750 0.7429226331878453 21
1745894775672 0.7347760412376374 22
1745894963704 0.7289115022867918 23
1745895148105 0.724287386983633 24
1745895340714 0.7196453192736953 25
1745895536087 0.7092539549339563 26
1745895728711 0.7133699654368684 27
1745895919898 0.7062943037599325 28
1745896107433 0.7040472780354321 29
1745896297665 0.6946942979702726 30
1745896487813 0.6952311081113294 31
1745896680950 0.6900685960426927 32
1745896869936 0.6958841132000089 33
1745897059567 0.6834929627366364 34
1745897248556 0.6783503332408145 35
1745897436544 0.6823800732381642 36
1745897627573 0.6770996882114559 37
1745897818674 0.6790546630509198 38
1745898008299 0.6797732247505337 39
1745898201558 0.6735670088091865 40
1745898392662 0.6690704128704965 41
1745898580690 0.6684702971251681 42
1745898770661 0.6633821922587231 43
1745898962249 0.6682277347426862 44
1745899157496 0.6636922721518204 45
1745899347917 0.6652485921513289 46
1745899536891 0.6583762714872137 47
1745899724808 0.6590186215471476 48
1745899912066 0.6528489341726527 49
1745900104975 0.6611064345343038 50
