1745890751859 0.5855260789394379 1
1745890945450 0.18614456057548523 2
1745891138859 0.156721793115139 3
1745891329421 0.14481651782989502 4
1745891523070 0.13764678686857224 5
1745891715212 0.13391781598329544 6
1745891909475 0.12318895012140274 7
1745892099705 0.13073165714740753 8
1745892295309 0.13061214983463287 9
1745892483079 0.13050533831119537 10
1745892674784 0.12473458424210548 11
1745892868025 0.1197790838778019 12
1745893055792 0.11683747544884682 13
1745893246855 0.11707136407494545 14
1745893439518 0.11340557411313057 15
1745893633663 0.10993846133351326 16
1745893825426 0.1084536761045456 17
1745894012543 0.10541879758238792 18
1745894198021 0.10898682847619057 19
1745894386066 0.10645056515932083 20
1745894580750 0.10832466557621956 21
1745894775672 0.10413720831274986 22
1745894963704 0.10547065362334251 23
1745895148105 0.10349418595433235 24
1745895340714 0.10208966583013535 25
1745895536087 0.10405012592673302 26
1745895728711 0.10456196963787079 27
1745895919898 0.10720893368124962 28
1745896107433 0.10005436837673187 29
1745896297665 0.10071900486946106 30
1745896487813 0.10396616160869598 31
1745896680950 0.09857561439275742 32
1745896869936 0.09843527153134346 33
1745897059567 0.09780451282858849 34
1745897248556 0.09851004928350449 35
1745897436544 0.10144876688718796 36
1745897627573 0.1024169959127903 37
1745897818674 0.09996019303798676 38
1745898008299 0.09421410039067268 39
1745898201558 0.09668709337711334 40
1745898392662 0.09963943436741829 41
1745898580690 0.09412770718336105 42
1745898770661 0.09652620926499367 43
1745898962249 0.09807406738400459 44
1745899157496 0.09377904236316681 45
1745899347917 0.10082352161407471 46
1745899536891 0.097435861825943 47
1745899724808 0.10090499371290207 48
1745899912066 0.09533187001943588 49
1745900104975 0.09657151624560356 50
